100 4950
0 1 660
0 2 392
0 3 589
0 4 684
0 5 342
0 6 594
0 7 400
0 8 497
0 9 204
0 10 309
0 11 131
0 12 410
0 13 693
0 14 176
0 15 482
0 16 263
0 17 265
0 18 577
0 19 346
0 20 186
0 21 636
0 22 508
0 23 204
0 24 116
0 25 344
0 26 435
0 27 686
0 28 113
0 29 283
0 30 326
0 31 113
0 32 389
0 33 202
0 34 282
0 35 579
0 36 293
0 37 242
0 38 303
0 39 616
0 40 649
0 41 400
0 42 236
0 43 690
0 44 385
0 45 381
0 46 26
0 47 30
0 48 198
0 49 479
0 50 486
0 51 142
0 52 542
0 53 452
0 54 352
0 55 442
0 56 67
0 57 705
0 58 42
0 59 634
0 60 372
0 61 314
0 62 129
0 63 402
0 64 688
0 65 616
0 66 665
0 67 247
0 68 548
0 69 643
0 70 91
0 71 360
0 72 417
0 73 200
0 74 319
0 75 162
0 76 627
0 77 615
0 78 296
0 79 149
0 80 378
0 81 51
0 82 406
0 83 233
0 84 187
0 85 615
0 86 394
0 87 582
0 88 366
0 89 649
0 90 162
0 91 553
0 92 215
0 93 282
0 94 542
0 95 71
0 96 178
0 97 670
0 98 512
0 99 77
1 2 277
1 3 322
1 4 157
1 5 697
1 6 127
1 7 614
1 8 507
1 9 834
1 10 766
1 11 669
1 12 250
1 13 48
1 14 797
1 15 211
1 16 448
1 17 656
1 18 103
1 19 330
1 20 659
1 21 26
1 22 953
1 23 585
1 24 771
1 25 434
1 26 294
1 27 213
1 28 576
1 29 648
1 30 442
1 31 758
1 32 517
1 33 789
1 34 602
1 35 83
1 36 538
1 37 890
1 38 885
1 39 175
1 40 465
1 41 609
1 42 891
1 43 134
1 44 744
1 45 557
1 46 634
1 47 687
1 48 480
1 49 184
1 50 903
1 51 564
1 52 334
1 53 257
1 54 572
1 55 843
1 56 727
1 57 69
1 58 657
1 59 193
1 60 653
1 61 644
1 62 745
1 63 799
1 64 114
1 65 64
1 66 555
1 67 713
1 68 270
1 69 28
1 70 715
1 71 496
1 72 370
1 73 721
1 74 822
1 75 572
1 76 247
1 77 46
1 78 390
1 79 634
1 80 856
1 81 694
1 82 668
1 83 485
1 84 797
1 85 141
1 86 491
1 87 257
1 88 323
1 89 432
1 90 802
1 91 152
1 92 874
1 93 678
1 94 139
1 95 705
1 96 806
1 97 91
1 98 148
1 99 646
2 3 361
2 4 297
2 5 516
2 6 250
2 7 384
2 8 435
2 9 558
2 10 560
2 11 393
2 12 51
2 13 304
2 14 545
2 15 94
2 16 175
2 17 454
2 18 216
2 19 133
2 20 431
2 21 251
2 22 766
2 23 365
2 24 498
2 25 278
2 26 101
2 27 374
2 28 324
2 29 386
2 30 190
2 31 496
2 32 292
2 33 546
2 34 341
2 35 202
2 36 357
2 37 615
2 38 648
2 39 296
2 40 493
2 41 467
2 42 617
2 43 299
2 44 569
2 45 325
2 46 367
2 47 421
2 48 237
2 49 93
2 50 723
2 51 288
2 52 335
2 53 86
2 54 414
2 55 664
2 56 458
2 57 314
2 58 384
2 59 322
2 60 491
2 61 461
2 62 469
2 63 617
2 64 297
2 65 246
2 66 559
2 67 497
2 68 294
2 69 265
2 70 457
2 71 260
2 72 268
2 73 447
2 74 607
2 75 337
2 76 345
2 77 235
2 78 115
2 79 358
2 80 652
2 81 431
2 82 518
2 83 268
2 84 521
2 85 279
2 86 365
2 87 314
2 88 59
2 89 471
2 90 527
2 91 163
2 92 602
2 93 414
2 94 191
2 95 431
2 96 530
2 97 278
2 98 134
2 99 391
3 4 469
3 5 466
3 6 197
3 7 738
3 8 213
3 9 791
3 10 557
3 11 659
3 12 310
3 13 369
3 14 663
3 15 384
3 16 501
3 17 458
3 18 237
3 19 277
3 20 497
3 21 321
3 22 704
3 23 426
3 24 704
3 25 251
3 26 450
3 27 156
3 28 478
3 29 713
3 30 542
3 31 650
3 32 650
3 33 636
3 34 674
3 35 277
3 36 342
3 37 829
3 38 710
3 39 148
3 40 148
3 41 352
3 42 818
3 43 450
3 44 500
3 45 681
3 46 564
3 47 607
3 48 394
3 49 315
3 50 650
3 51 561
3 52 48
3 53 418
3 54 338
3 55 594
3 56 651
3 57 390
3 58 606
3 59 137
3 60 408
3 61 424
3 62 709
3 63 557
3 64 431
3 65 261
3 66 235
3 67 524
3 68 68
3 69 294
3 70 603
3 71 617
3 72 172
3 73 731
3 74 619
3 75 443
3 76 86
3 77 294
3 78 445
3 79 638
3 80 635
3 81 600
3 82 410
3 83 357
3 84 768
3 85 181
3 86 250
3 87 65
3 88 418
3 89 118
3 90 751
3 91 387
3 92 793
3 93 736
3 94 222
3 95 654
3 96 765
3 97 406
3 98 286
3 99 539
4 5 789
4 6 272
4 7 541
4 8 636
4 9 832
4 10 846
4 11 662
4 12 297
4 13 124
4 14 841
4 15 203
4 16 436
4 17 737
4 18 233
4 19 399
4 20 723
4 21 150
4 22 1045
4 23 654
4 24 784
4 25 530
4 26 257
4 27 370
4 28 621
4 29 605
4 30 405
4 31 791
4 32 448
4 33 842
4 34 559
4 35 194
4 36 627
4 37 893
4 38 944
4 39 327
4 40 615
4 41 717
4 42 900
4 43 26
4 44 840
4 45 489
4 46 660
4 47 713
4 48 531
4 49 229
4 50 998
4 51 565
4 52 473
4 53 233
4 54 672
4 55 939
4 56 748
4 57 109
4 58 671
4 59 347
4 60 754
4 61 735
4 62 745
4 63 892
4 64 47
4 65 209
4 66 703
4 67 786
4 68 410
4 69 181
4 70 753
4 71 438
4 72 482
4 73 701
4 74 897
4 75 631
4 76 400
4 77 175
4 78 390
4 79 623
4 80 938
4 81 725
4 82 774
4 83 554
4 84 791
4 85 292
4 86 602
4 87 404
4 88 318
4 89 583
4 90 806
4 91 135
4 92 888
4 93 635
4 94 257
4 95 715
4 96 805
4 97 66
4 98 220
4 99 687
5 6 584
5 7 711
5 8 274
5 9 506
5 10 98
5 11 472
5 12 498
5 13 743
5 14 281
5 15 605
5 16 498
5 17 80
5 18 594
5 19 392
5 20 156
5 21 681
5 22 256
5 23 171
5 24 410
5 25 263
5 26 606
5 27 614
5 28 270
5 29 612
5 30 572
5 31 314
5 32 670
5 33 234
5 34 599
5 35 618
5 36 162
5 37 509
5 38 267
5 39 571
5 40 445
5 41 122
5 42 483
5 43 784
5 44 54
5 45 677
5 46 336
5 47 335
5 48 300
5 49 561
5 50 209
5 51 438
5 52 422
5 53 601
5 54 130
5 55 149
5 56 364
5 57 761
5 58 383
5 59 577
5 60 64
5 61 55
5 62 460
5 63 103
5 64 773
5 65 635
5 66 415
5 67 109
5 68 467
5 69 671
5 70 282
5 71 634
5 72 331
5 73 542
5 74 160
5 75 219
5 76 541
5 77 652
5 78 489
5 79 481
5 80 169
5 81 311
5 82 83
5 83 251
5 84 509
5 85 589
5 86 219
5 87 499
5 88 531
5 89 462
5 90 465
5 91 659
5 92 452
5 93 617
5 94 558
5 95 406
5 96 489
5 97 748
5 98 571
5 99 265
6 7 628
6 8 381
6 9 783
6 10 659
6 11 627
6 12 206
6 13 176
6 14 713
6 15 228
6 16 422
6 17 551
6 18 46
6 19 249
6 20 563
6 21 124
6 22 837
6 23 488
6 24 709
6 25 324
6 26 310
6 27 129
6 28 498
6 29 636
6 30 438
6 31 681
6 32 532
6 33 699
6 34 591
6 35 86
6 36 430
6 37 833
6 38 790
6 39 59
6 40 343
6 41 488
6 42 829
6 43 253
6 44 628
6 45 569
6 46 568
6 47 619
6 48 401
6 49 168
6 50 786
6 51 520
6 52 207
6 53 272
6 54 456
6 55 727
6 56 661
6 57 197
6 58 598
6 59 85
6 60 536
6 61 532
6 62 694
6 63 684
6 64 235
6 65 65
6 66 431
6 67 611
6 68 143
6 69 99
6 70 636
6 71 504
6 72 253
6 73 688
6 74 718
6 75 484
6 76 131
6 77 97
6 78 361
6 79 596
6 80 747
6 81 621
6 82 549
6 83 393
6 84 750
6 85 30
6 86 372
6 87 132
6 88 308
6 89 311
6 90 747
6 91 206
6 92 809
6 93 663
6 94 60
6 95 647
6 96 755
6 97 209
6 98 126
6 99 567
7 8 759
7 9 411
7 10 702
7 11 283
7 12 434
7 13 620
7 14 567
7 15 407
7 16 246
7 17 632
7 18 587
7 19 469
7 20 565
7 21 589
7 22 906
7 23 543
7 24 425
7 25 578
7 26 323
7 27 755
7 28 441
7 29 130
7 30 196
7 31 498
7 32 97
7 33 600
7 34 118
7 35 562
7 36 599
7 37 477
7 38 696
7 39 678
7 40 857
7 41 726
7 42 500
7 43 561
7 44 762
7 45 59
7 46 393
7 47 423
7 48 434
7 49 460
7 50 881
7 51 275
7 52 706
7 53 361
7 54 668
7 55 833
7 56 427
7 57 620
7 58 360
7 59 704
7 60 720
7 61 669
7 62 357
7 63 789
7 64 572
7 65 607
7 66 909
7 67 635
7 68 673
7 69 614
7 70 489
7 71 124
7 72 609
7 73 260
7 74 718
7 75 493
7 76 729
7 77 585
7 78 295
7 79 253
7 80 777
7 81 449
7 82 755
7 83 496
7 84 367
7 85 658
7 86 663
7 87 697
7 88 324
7 89 841
7 90 410
7 91 462
7 92 505
7 93 150
7 94 569
7 95 371
7 96 394
7 97 568
7 98 503
7 99 463
8 9 697
8 10 371
8 11 601
8 12 394
8 13 556
8 14 518
8 15 497
8 16 513
8 17 291
8 18 408
8 19 307
8 20 353
8 21 499
8 22 495
8 23 299
8 24 601
8 25 181
8 26 537
8 27 369
8 28 387
8 29 698
8 30 575
8 31 525
8 32 687
8 33 481
8 34 668
8 35 443
8 36 205
8 37 720
8 38 537
8 39 348
8 40 172
8 41 152
8 42 702
8 43 622
8 44 299
8 45 709
8 46 478
8 47 506
8 48 337
8 49 433
8 50 441
8 51 522
8 52 180
8 53 515
8 54 164
8 55 387
8 56 547
8 57 576
8 58 527
8 59 344
8 60 211
8 61 244
8 62 626
8 63 354
8 64 606
8 65 443
8 66 168
8 67 356
8 68 240
8 69 479
8 70 480
8 71 650
8 72 168
8 73 677
8 74 434
8 75 335
8 76 297
8 77 470
8 78 473
8 79 592
8 80 439
8 81 491
8 82 206
8 83 279
8 84 684
8 85 375
8 86 104
8 87 264
8 88 478
8 89 187
8 90 654
8 91 526
8 92 673
8 93 714
8 94 379
8 95 567
8 96 673
8 97 580
8 98 423
8 99 429
9 10 443
9 11 169
9 12 587
9 13 861
9 14 244
9 15 638
9 16 396
9 17 439
9 18 761
9 19 539
9 20 360
9 21 808
9 22 600
9 23 399
9 24 98
9 25 548
9 26 574
9 27 882
9 28 317
9 29 283
9 30 434
9 31 193
9 32 447
9 33 294
9 34 313
9 35 756
9 36 492
9 37 67
9 38 353
9 39 810
9 40 853
9 41 587
9 42 90
9 43 842
9 44 538
9 45 422
9 46 227
9 47 191
9 48 398
9 49 650
9 50 596
9 51 270
9 52 745
9 53 600
9 54 544
9 55 567
9 56 150
9 57 870
9 58 187
9 59 830
9 60 549
9 61 492
9 62 89
9 63 537
9 64 844
9 65 797
9 66 864
9 67 398
9 68 748
9 69 820
9 70 226
9 71 432
9 72 621
9 73 153
9 74 426
9 75 362
9 76 827
9 77 791
9 78 447
9 79 209
9 80 482
9 81 206
9 82 582
9 83 437
9 84 45
9 85 806
9 86 595
9 87 782
9 88 518
9 89 853
9 90 43
9 91 710
9 92 103
9 93 262
9 94 727
9 95 138
9 96 28
9 97 830
9 98 687
9 99 268
10 11 440
10 12 550
10 13 810
10 14 204
10 15 653
10 16 511
10 17 110
10 18 665
10 19 447
10 20 141
10 21 748
10 22 212
10 23 195
10 24 352
10 25 335
10 26 642
10 27 700
10 28 270
10 29 591
10 30 585
10 31 252
10 32 673
10 33 154
10 34 585
10 35 685
10 36 229
10 37 436
10 38 169
10 39 652
10 40 542
10 41 220
10 42 408
10 43 843
10 44 102
10 45 674
10 46 311
10 47 294
10 48 328
10 49 617
10 50 180
10 51 428
10 52 512
10 53 643
10 54 218
10 55 133
10 56 314
10 57 828
10 58 351
10 59 660
10 60 162
10 61 133
10 62 411
10 63 95
10 64 834
10 65 707
10 66 513
10 67 68
10 68 551
10 69 741
10 70 231
10 71 639
10 72 411
10 73 504
10 74 63
10 75 231
10 76 628
10 77 721
10 78 514
10 79 457
10 80 92
10 81 268
10 82 179
10 83 293
10 84 454
10 85 668
10 86 307
10 87 585
10 88 566
10 89 559
10 90 405
10 91 713
10 92 376
10 93 591
10 94 628
10 95 363
10 96 430
10 97 810
10 98 633
10 99 239
11 12 425
11 13 695
11 14 285
11 15 470
11 16 227
11 17 393
11 18 601
11 19 391
11 20 316
11 21 643
11 22 634
11 23 322
11 24 146
11 25 432
11 26 405
11 27 734
11 28 218
11 29 158
11 30 266
11 31 215
11 32 295
11 33 321
11 34 168
11 35 594
11 36 404
11 37 233
11 38 414
11 39 659
11 40 740
11 41 520
11 42 245
11 43 673
11 44 516
11 45 277
11 46 136
11 47 147
11 48 271
11 49 485
11 50 615
11 51 106
11 52 616
11 53 431
11 54 468
11 55 573
11 56 144
11 57 703
11 58 89
11 59 681
11 60 498
11 61 440
11 62 86
11 63 533
11 64 675
11 65 636
11 66 767
11 67 378
11 68 609
11 69 657
11 70 213
11 71 274
11 72 495
11 73 76
11 74 446
11 75 275
11 76 684
11 77 628
11 78 280
11 79 40
11 80 505
11 81 174
11 82 532
11 83 323
11 84 129
11 85 652
11 86 496
11 87 641
11 88 350
11 89 735
11 90 148
11 91 541
11 92 240
11 93 153
11 94 570
11 95 88
11 96 143
11 97 661
11 98 525
11 99 206
12 13 283
12 14 553
12 15 109
12 16 216
12 17 442
12 18 176
12 19 106
12 20 427
12 21 225
12 22 752
12 23 357
12 24 521
12 25 248
12 26 145
12 27 326
12 28 331
12 29 431
12 30 239
12 31 510
12 32 342
12 33 550
12 34 387
12 35 170
12 36 336
12 37 641
12 38 650
12 39 249
12 40 444
12 41 439
12 42 641
12 43 295
12 44 550
12 45 376
12 46 385
12 47 438
12 48 238
12 49 70
12 50 707
12 51 319
12 52 285
12 53 121
12 54 389
12 55 647
12 56 477
12 57 296
12 58 407
12 59 274
12 60 468
12 61 443
12 62 498
12 63 600
12 64 289
12 65 210
12 66 512
12 67 489
12 68 243
12 69 234
12 70 468
12 71 310
12 72 226
12 73 484
12 74 600
12 75 336
12 76 295
12 77 206
12 78 155
12 79 393
12 80 642
12 81 445
12 82 492
12 83 257
12 84 552
12 85 234
12 86 331
12 87 264
12 88 109
12 89 422
12 90 553
12 91 163
12 92 624
12 93 458
12 94 147
12 95 456
12 96 559
12 97 267
12 98 102
12 99 400
13 14 835
13 15 228
13 16 470
13 17 700
13 18 150
13 19 370
13 20 700
13 21 62
13 22 999
13 23 626
13 24 802
13 25 479
13 26 306
13 27 253
13 28 613
13 29 664
13 30 458
13 31 793
13 32 524
13 33 829
13 34 617
13 35 125
13 36 583
13 37 919
13 38 926
13 39 221
13 40 511
13 41 656
13 42 921
13 43 99
13 44 790
13 45 564
13 46 668
13 47 721
13 48 518
13 49 215
13 50 949
13 51 591
13 52 382
13 53 272
13 54 618
13 55 889
13 56 760
13 57 21
13 58 688
13 59 237
13 60 699
13 61 689
13 62 773
13 63 845
13 64 77
13 65 113
13 66 602
13 67 756
13 68 318
13 69 77
13 70 751
13 71 506
13 72 418
13 73 744
13 74 866
13 75 612
13 76 292
13 77 90
13 78 415
13 79 658
13 80 901
13 81 729
13 82 716
13 83 527
13 84 824
13 85 188
13 86 539
13 87 304
13 88 345
13 89 477
13 90 831
13 91 161
13 92 905
13 93 693
13 94 185
13 95 735
13 96 834
13 97 61
13 98 184
13 99 683
14 15 638
14 16 436
14 17 231
14 18 705
14 19 469
14 20 168
14 21 775
14 22 361
14 23 237
14 24 162
14 25 413
14 26 602
14 27 785
14 28 222
14 29 443
14 30 502
14 31 69
14 32 564
14 33 51
14 34 450
14 35 715
14 36 324
14 37 232
14 38 129
14 39 723
14 40 688
14 41 384
14 42 204
14 43 844
14 44 304
14 45 554
14 46 194
14 47 148
14 48 317
14 49 623
14 50 353
14 51 318
14 52 616
14 53 614
14 54 355
14 55 324
14 56 141
14 57 849
14 58 210
14 59 738
14 60 335
14 61 283
14 62 230
14 63 296
14 64 840
14 65 746
14 66 679
14 67 173
14 68 638
14 69 777
14 70 90
14 71 536
14 72 495
14 73 332
14 74 182
14 75 230
14 76 719
14 77 752
14 78 462
14 79 314
14 80 239
14 81 126
14 82 363
14 83 321
14 84 261
14 85 730
14 86 428
14 87 673
14 88 529
14 89 696
14 90 208
14 91 707
14 92 173
14 93 435
14 94 668
14 95 197
14 96 234
14 97 820
14 98 651
14 99 154
15 16 244
15 17 546
15 18 184
15 19 214
15 20 525
15 21 185
15 22 857
15 23 458
15 24 584
15 25 357
15 26 85
15 27 357
15 28 418
15 29 438
15 30 231
15 31 588
15 32 311
15 33 640
15 34 391
15 35 155
15 36 444
15 37 697
15 38 743
15 39 285
15 40 527
15 41 548
15 42 702
15 43 208
15 44 657
15 45 349
15 46 457
15 47 511
15 48 331
15 49 70
15 50 813
15 51 368
15 52 369
15 53 47
15 54 497
15 55 754
15 56 547
15 57 234
15 58 471
15 59 311
15 60 576
15 61 550
15 62 550
15 63 706
15 64 207
15 65 200
15 66 603
15 67 590
15 68 316
15 69 207
15 70 550
15 71 287
15 72 330
15 73 516
15 74 700
15 75 431
15 76 348
15 77 178
15 78 191
15 79 432
15 80 744
15 81 522
15 82 601
15 83 360
15 84 599
15 85 259
15 86 439
15 87 327
15 88 119
15 89 501
15 90 609
15 91 72
15 92 688
15 93 467
15 94 175
15 95 516
15 96 611
15 97 192
15 98 104
15 99 484
16 17 422
16 18 390
16 19 225
16 20 371
16 21 422
16 22 723
16 23 328
16 24 351
16 25 333
16 26 180
16 27 541
16 28 243
16 29 216
16 30 75
16 31 375
16 32 179
16 33 451
16 34 174
16 35 377
16 36 365
16 37 457
16 38 556
16 39 464
16 40 613
16 41 491
16 42 465
16 43 446
16 44 551
16 45 196
16 46 242
16 47 293
16 48 201
16 49 267
16 50 689
16 51 130
16 52 465
16 53 204
16 54 434
16 55 635
16 56 321
16 57 478
16 58 241
16 59 488
16 60 495
16 61 449
16 62 309
16 63 588
16 64 449
16 65 420
16 66 663
16 67 443
16 68 439
16 69 438
16 70 346
16 71 141
16 72 363
16 73 274
16 74 543
16 75 283
16 76 503
16 77 408
16 78 61
16 79 189
16 80 597
16 81 311
16 82 528
16 83 260
16 84 356
16 85 450
16 86 419
16 87 466
16 88 125
16 89 598
16 90 370
16 91 315
16 92 454
16 93 242
16 94 363
16 95 282
16 96 369
16 97 435
16 98 308
16 99 292
17 18 555
17 19 338
17 20 80
17 21 638
17 22 312
17 23 95
17 24 341
17 25 227
17 26 540
17 27 596
17 28 191
17 29 532
17 30 497
17 31 250
17 32 593
17 33 190
17 34 519
17 35 575
17 36 121
17 37 448
17 38 253
17 39 546
17 40 462
17 41 153
17 42 425
17 43 733
17 44 130
17 45 598
17 46 257
17 47 260
17 48 228
17 49 508
17 50 271
17 51 358
17 52 412
17 53 538
17 54 128
17 55 214
17 56 293
17 57 718
17 58 305
17 59 555
17 60 111
17 61 54
17 62 386
17 63 167
17 64 724
17 65 597
17 66 448
17 67 67
17 68 447
17 69 632
17 70 213
17 71 557
17 72 304
17 73 465
17 74 167
17 75 141
17 76 526
17 77 611
17 78 417
17 79 402
17 80 201
17 81 238
17 82 143
17 83 186
17 84 438
17 85 560
17 86 210
17 87 481
17 88 464
17 89 474
17 90 396
17 91 605
17 92 395
17 93 538
17 94 518
17 95 330
17 96 419
17 97 701
17 98 523
17 99 188
18 19 237
18 20 561
18 21 91
18 22 850
18 23 486
18 24 691
18 25 331
18 26 267
18 27 174
18 28 487
18 29 602
18 30 401
18 31 670
18 32 491
18 33 695
18 34 556
18 35 41
18 36 436
18 37 813
18 38 788
18 39 106
18 40 384
18 41 505
18 42 811
18 43 217
18 44 641
18 45 529
18 46 551
18 47 603
18 48 390
18 49 128
18 50 800
18 51 495
18 52 240
18 53 229
18 54 468
18 55 740
18 56 645
18 57 170
18 58 579
18 59 131
18 60 549
18 61 541
18 62 672
18 63 696
18 64 199
18 65 42
18 66 471
18 67 613
18 68 177
18 69 77
18 70 625
18 71 465
18 72 267
18 73 660
18 74 722
18 75 478
18 76 177
18 77 62
18 78 329
18 79 569
18 80 754
18 81 608
18 82 565
18 83 389
18 84 727
18 85 76
18 86 388
18 87 172
18 88 272
18 89 353
18 90 726
18 91 160
18 92 792
18 93 629
18 94 37
18 95 628
18 96 733
18 97 173
18 98 85
18 99 556
19 20 330
19 21 309
19 22 646
19 23 258
19 24 462
19 25 145
19 26 234
19 27 344
19 28 250
19 29 436
19 30 276
19 31 434
19 32 388
19 33 460
19 34 397
19 35 247
19 36 230
19 37 586
19 38 556
19 39 271
19 40 388
19 41 335
19 42 582
19 43 396
19 44 444
19 45 415
19 46 320
19 47 370
19 48 153
19 49 170
19 50 601
19 51 288
19 52 240
19 53 219
19 54 283
19 55 541
19 56 413
19 57 386
19 58 353
19 59 291
19 60 362
19 61 337
19 62 452
19 63 494
19 64 387
19 65 277
19 66 444
19 67 389
19 68 220
19 69 308
19 70 389
19 71 352
19 72 144
19 73 459
19 74 499
19 75 243
19 76 293
19 77 284
19 78 174
19 79 366
19 80 539
19 81 373
19 82 387
19 83 157
19 84 509
19 85 269
19 86 232
19 87 251
19 88 171
19 89 373
19 90 501
19 91 268
19 92 561
19 93 459
19 94 200
19 95 402
19 96 511
19 97 364
19 98 188
19 99 320
20 21 638
20 22 352
20 23 75
20 24 262
20 25 250
20 26 507
20 27 625
20 28 129
20 29 460
20 30 445
20 31 174
20 32 533
20 33 139
20 34 450
20 35 576
20 36 156
20 37 372
20 38 227
20 39 567
20 40 520
20 41 228
20 42 351
20 43 722
20 44 200
20 45 535
20 46 181
20 47 180
20 48 194
20 49 497
20 50 320
20 51 290
20 52 450
20 53 511
20 54 191
20 55 269
20 56 213
20 57 716
20 58 227
20 59 579
20 60 190
20 61 133
20 62 306
20 63 224
20 64 715
20 65 603
20 66 516
20 67 72
20 68 476
20 69 636
20 70 134
20 71 499
20 72 332
20 73 386
20 74 177
20 75 94
20 76 557
20 77 613
20 78 375
20 79 327
20 80 227
20 81 157
20 82 224
20 83 173
20 84 358
20 85 577
20 86 260
20 87 511
20 88 431
20 89 528
20 90 317
20 91 589
20 92 321
20 93 463
20 94 524
20 95 250
20 96 340
20 97 693
20 98 518
20 99 110
21 22 937
21 23 565
21 24 746
21 25 418
21 26 268
21 27 224
21 28 554
21 29 622
21 30 416
21 31 734
21 32 491
21 33 768
21 34 576
21 35 63
21 36 521
21 37 864
21 38 865
21 39 177
21 40 466
21 41 595
21 42 866
21 43 130
21 44 728
21 45 531
21 46 610
21 47 663
21 48 458
21 49 159
21 50 888
21 51 539
21 52 329
21 53 231
21 54 557
21 55 828
21 56 703
21 57 80
21 58 632
21 59 197
21 60 638
21 61 627
21 62 720
21 63 783
21 64 111
21 65 60
21 66 555
21 67 694
21 68 266
21 69 33
21 70 692
21 71 470
21 72 357
21 73 695
21 74 804
21 75 551
21 76 250
21 77 29
21 78 364
21 79 608
21 80 839
21 81 670
21 82 655
21 83 465
21 84 772
21 85 143
21 86 478
21 87 256
21 88 297
21 89 434
21 90 777
21 91 128
21 92 849
21 93 651
21 94 124
21 95 680
21 96 781
21 97 85
21 98 125
21 99 623
22 23 404
22 24 523
22 25 520
22 26 852
22 27 857
22 28 481
22 29 790
22 30 797
22 31 426
22 32 883
22 33 316
22 34 788
22 35 874
22 36 418
22 37 574
22 38 251
22 39 821
22 40 650
22 41 354
22 42 541
22 43 1040
22 44 209
22 45 882
22 46 513
22 47 487
22 48 538
22 49 816
22 50 54
22 51 636
22 52 664
22 53 850
22 54 382
22 55 111
22 56 496
22 57 1017
22 58 548
22 59 824
22 60 302
22 61 311
22 62 590
22 63 154
22 64 1029
22 65 890
22 66 594
22 67 280
22 68 714
22 69 926
22 70 421
22 71 849
22 72 585
22 73 690
22 74 188
22 75 443
22 76 784
22 77 909
22 78 725
22 79 657
22 80 129
22 81 461
22 82 294
22 83 498
22 84 622
22 85 841
22 86 467
22 87 744
22 88 775
22 89 674
22 90 568
22 91 914
22 92 512
22 93 787
22 94 814
22 95 550
22 96 594
22 97 1005
22 98 828
22 99 444
23 24 302
23 25 177
23 26 448
23 27 550
23 28 106
23 29 450
23 30 402
23 31 229
23 32 500
23 33 214
23 34 433
23 35 502
23 36 94
23 37 421
23 38 302
23 39 492
23 40 460
23 41 198
23 42 404
23 43 652
23 44 223
23 45 507
23 46 189
23 47 208
23 48 134
23 49 426
23 50 365
23 51 272
23 52 379
23 53 448
23 54 148
23 55 309
23 56 249
23 57 643
23 58 238
23 59 504
23 60 179
23 61 125
23 62 332
23 63 261
23 64 644
23 65 528
23 66 466
23 67 132
23 68 402
23 69 561
23 70 183
23 71 463
23 72 258
23 73 397
23 74 243
23 75 50
23 76 483
23 77 539
23 78 322
23 79 324
23 80 286
23 81 193
23 82 214
23 83 101
23 84 389
23 85 501
23 86 199
23 87 437
23 88 371
23 89 465
23 90 356
23 91 520
23 92 376
23 93 458
23 94 449
23 95 274
23 96 375
23 97 621
23 98 445
23 99 131
24 25 456
24 26 530
24 27 802
24 28 226
24 29 296
24 30 403
24 31 100
24 32 440
24 33 208
24 34 313
24 35 691
24 36 396
24 37 126
24 38 284
24 39 732
24 40 759
24 41 489
24 42 121
24 43 792
24 44 444
24 45 423
24 46 142
24 47 97
24 48 314
24 49 587
24 50 513
24 51 221
24 52 657
24 53 551
24 54 447
24 55 480
24 56 54
24 57 812
24 58 114
24 59 751
24 60 452
24 61 394
24 62 71
24 63 447
24 64 792
24 65 729
24 66 768
24 67 303
24 68 664
24 69 755
24 70 129
24 71 418
24 72 532
24 73 175
24 74 341
24 75 268
24 76 744
24 77 727
24 78 394
24 79 184
24 80 399
24 81 109
24 82 484
24 83 347
24 84 101
24 85 731
24 86 499
24 87 698
24 88 466
24 89 760
24 90 55
24 91 656
24 92 104
24 93 284
24 94 656
24 95 69
24 96 78
24 97 775
24 98 623
24 99 172
25 26 378
25 27 375
25 28 231
25 29 519
25 30 397
25 31 399
25 32 509
25 33 390
25 34 488
25 35 355
25 36 106
25 37 581
25 38 472
25 39 320
25 40 309
25 41 191
25 42 569
25 43 523
25 44 311
25 45 529
25 46 321
25 47 359
25 48 162
25 49 305
25 50 471
25 51 346
25 52 204
25 53 364
25 54 143
25 55 411
25 56 403
25 57 498
25 58 367
25 59 330
25 60 224
25 61 210
25 62 469
25 63 366
25 64 511
25 65 373
25 66 339
25 67 289
25 68 226
25 69 408
25 70 352
25 71 471
25 72 82
25 73 507
25 74 394
25 75 192
25 76 306
25 77 389
25 78 296
25 79 418
25 80 424
25 81 351
25 82 245
25 83 111
25 84 528
25 85 333
25 86 89
25 87 261
25 88 312
25 89 306
25 90 506
25 91 404
25 92 542
25 93 536
25 94 295
25 95 412
25 96 522
25 97 486
25 98 310
25 99 289
26 27 438
26 28 389
26 29 358
26 30 152
26 31 546
26 32 226
26 33 610
26 34 311
26 35 240
26 36 451
26 37 636
26 38 714
26 39 364
26 40 588
26 41 565
26 42 644
26 43 269
26 44 660
26 45 264
26 46 413
26 47 465
26 48 314
26 49 143
26 50 811
26 51 309
26 52 429
26 53 38
26 54 511
26 55 753
26 56 497
26 57 310
26 58 418
26 59 391
26 60 586
26 61 552
26 62 488
26 63 705
26 64 273
26 65 285
26 66 658
26 67 576
26 68 382
26 69 292
26 70 512
26 71 203
26 72 369
26 73 444
26 74 684
26 75 413
26 76 423
26 77 263
26 78 140
26 79 366
26 80 733
26 81 480
26 82 614
26 83 355
26 84 533
26 85 340
26 86 465
26 87 398
26 88 76
26 89 564
26 90 549
26 91 146
26 92 633
26 93 387
26 94 253
26 95 461
26 96 548
26 97 263
26 98 184
26 99 451
27 28 581
27 29 757
27 30 563
27 31 762
27 32 660
27 33 764
27 34 713
27 35 209
27 36 476
27 37 927
27 38 846
27 39 77
27 40 274
27 41 503
27 42 921
27 43 348
27 44 651
27 45 696
27 46 660
27 47 708
27 48 488
27 49 296
27 50 803
27 51 629
27 52 193
27 53 401
27 54 484
27 55 747
27 56 752
27 57 273
27 58 696
27 59 53
27 60 558
27 61 568
27 62 795
27 63 708
27 64 326
27 65 172
27 66 366
27 67 661
27 68 150
27 69 191
27 70 716
27 71 631
27 72 294
27 73 799
27 74 762
27 75 557
27 76 73
27 77 206
27 78 480
27 79 706
27 80 782
27 81 706
27 82 563
27 83 466
27 84 853
27 85 98
27 86 395
27 87 115
27 88 432
27 89 239
27 90 844
27 91 330
27 92 898
27 93 783
27 94 186
27 95 745
27 96 854
27 97 304
27 98 255
27 99 648
28 29 344
28 30 316
28 31 184
28 32 405
28 33 222
28 34 328
28 35 494
28 36 186
28 37 352
28 38 326
28 39 514
28 40 537
28 41 303
28 42 341
28 43 623
28 44 320
28 45 409
28 46 92
28 47 129
28 48 97
28 49 401
28 50 449
28 51 167
28 52 431
28 53 398
28 54 250
28 55 396
28 56 173
28 57 627
28 58 140
28 59 531
28 60 285
28 61 230
28 62 240
28 63 351
28 64 618
28 65 527
28 66 554
28 67 201
28 68 440
28 69 556
28 70 139
28 71 370
28 72 306
28 73 294
28 74 301
28 75 57
28 76 520
28 77 530
28 78 253
28 79 218
28 80 355
28 81 125
28 82 320
28 83 121
28 84 299
28 85 517
28 86 283
28 87 475
28 88 314
28 89 536
28 90 275
28 91 487
28 92 317
28 93 352
28 94 450
28 95 182
28 96 291
28 97 598
28 98 429
28 99 70
29 30 206
29 31 373
29 32 173
29 33 479
29 34 46
29 35 584
29 36 519
29 37 350
29 38 572
29 39 679
29 40 817
29 41 643
29 42 371
29 43 620
29 44 660
29 45 141
29 46 281
29 47 303
29 48 362
29 49 475
29 50 769
29 51 180
29 52 675
29 53 392
29 54 587
29 55 724
29 56 301
29 57 667
29 58 242
29 59 704
29 60 629
29 61 574
29 62 227
29 63 682
29 64 628
29 65 629
29 66 858
29 67 526
29 68 654
29 69 642
29 70 369
29 71 169
29 72 565
29 73 130
29 74 602
29 75 400
29 76 719
29 77 613
29 78 276
29 79 134
29 80 661
29 81 329
29 82 664
29 83 422
29 84 238
29 85 665
29 86 597
29 87 682
29 88 330
29 89 805
29 90 280
29 91 503
29 92 376
29 93 30
29 94 577
29 95 245
29 96 265
29 97 619
29 98 518
29 99 352
30 31 438
30 32 113
30 33 521
30 34 160
30 35 380
30 36 437
30 37 498
30 38 624
30 39 486
30 40 663
30 41 563
30 42 510
30 43 418
30 44 625
30 45 140
30 46 308
30 47 356
30 48 275
30 49 273
30 50 763
30 51 186
30 52 510
30 53 186
30 54 505
30 55 709
30 56 379
30 57 462
30 58 299
30 59 512
30 60 568
30 61 523
30 62 352
30 63 662
30 64 424
30 65 425
30 66 719
30 67 517
30 68 477
30 69 437
30 70 412
30 71 76
30 72 419
30 73 296
30 74 616
30 75 357
30 76 534
30 77 408
30 78 103
30 79 226
30 80 671
30 81 376
30 82 601
30 83 332
30 84 391
30 85 468
30 86 485
30 87 501
30 88 131
30 89 646
30 90 413
30 91 297
30 92 503
30 93 236
30 94 379
30 95 334
30 96 409
30 97 415
30 98 316
30 99 363
31 32 496
31 33 110
31 34 381
31 35 675
31 36 322
31 37 198
31 38 199
31 39 697
31 40 689
31 41 402
31 42 177
31 43 796
31 44 345
31 45 485
31 46 134
31 47 83
31 48 280
31 49 579
31 50 414
31 51 253
31 52 602
31 53 561
31 54 365
31 55 379
31 56 72
31 57 806
31 58 142
31 59 713
31 60 360
31 61 304
31 62 164
31 63 346
31 64 793
31 65 710
31 66 689
31 67 205
31 68 618
31 69 739
31 70 47
31 71 469
31 72 479
31 73 265
31 74 242
31 75 207
31 76 699
31 77 712
31 78 406
31 79 245
31 80 300
31 81 66
31 82 391
31 83 297
31 84 202
31 85 700
31 86 428
31 87 653
31 88 475
31 89 694
31 90 153
31 91 659
31 92 148
31 93 366
31 94 633
31 95 128
31 96 178
31 97 774
31 98 610
31 99 115
32 33 591
32 34 135
32 35 465
32 36 543
32 37 514
32 38 692
32 39 584
32 40 775
32 41 670
32 42 532
32 43 467
32 44 722
32 45 40
32 46 376
32 47 416
32 48 379
32 49 365
32 50 853
32 51 250
32 52 620
32 53 264
32 54 612
32 55 801
32 56 429
32 57 524
32 58 354
32 59 610
32 60 672
32 61 623
32 62 378
32 63 756
32 64 477
32 65 511
32 66 832
32 67 605
32 68 585
32 69 517
32 70 479
32 71 38
32 72 531
32 73 296
32 74 698
32 75 452
32 76 637
32 77 488
32 78 215
32 79 257
32 80 755
32 81 439
32 82 705
32 83 438
32 84 402
32 85 563
32 86 596
32 87 606
32 88 233
32 89 756
32 90 437
32 91 365
32 92 532
32 93 201
32 94 474
32 95 377
32 96 426
32 97 473
32 98 407
32 99 440
33 34 483
33 35 706
33 36 294
33 37 283
33 38 104
33 39 705
33 40 652
33 41 341
33 42 254
33 43 844
33 44 254
33 45 583
33 46 215
33 47 177
33 48 312
33 49 620
33 50 305
33 51 342
33 52 589
33 53 620
33 54 317
33 55 274
33 56 181
33 57 844
33 58 240
33 59 718
33 60 290
33 61 241
33 62 274
33 63 245
33 64 838
33 65 736
33 66 638
33 67 128
33 68 615
33 69 768
33 70 112
33 71 560
33 72 471
33 73 375
33 74 133
33 75 217
33 76 696
33 77 743
33 78 472
33 79 348
33 80 191
33 81 152
33 82 317
33 83 306
33 84 309
33 85 714
33 86 395
33 87 650
33 88 536
33 89 662
33 90 257
33 91 708
33 92 223
33 93 473
33 94 657
33 95 236
33 96 283
33 97 817
33 98 645
33 99 160
34 35 538
34 36 495
34 37 380
34 38 579
34 39 636
34 40 781
34 41 621
34 42 399
34 43 574
34 44 648
34 45 110
34 46 275
34 47 305
34 48 334
34 49 429
34 50 764
34 51 161
34 52 637
34 53 346
34 54 564
34 55 717
34 56 310
34 57 621
34 58 242
34 59 661
34 60 611
34 61 558
34 62 247
34 63 673
34 64 581
34 65 583
34 66 825
34 67 519
34 68 613
34 69 596
34 70 371
34 71 126
34 72 530
34 73 161
34 74 600
34 75 383
34 76 677
34 77 567
34 78 233
34 79 135
34 80 659
34 81 331
34 82 646
34 83 396
34 84 268
34 85 620
34 86 568
34 87 640
34 88 285
34 89 768
34 90 305
34 91 457
34 92 400
34 93 76
34 94 532
34 95 255
34 96 292
34 97 573
34 98 472
34 99 346
35 36 458
35 37 811
35 38 802
35 39 145
35 40 425
35 41 534
35 42 811
35 43 179
35 44 666
35 45 504
35 46 553
35 47 606
35 48 397
35 49 110
35 50 825
35 51 488
35 52 279
35 53 202
35 54 494
35 55 765
35 56 646
35 57 143
35 58 577
35 59 170
35 60 576
35 61 564
35 62 668
35 63 720
35 64 163
35 65 45
35 66 511
35 67 631
35 68 216
35 69 64
35 70 632
35 71 441
35 72 296
35 73 649
35 74 740
35 75 489
35 76 217
35 77 37
35 78 317
35 79 560
35 80 775
35 81 612
35 82 593
35 83 403
35 84 721
35 85 114
35 86 417
35 87 213
35 88 254
35 89 393
35 90 723
35 91 121
35 92 793
35 93 612
35 94 64
35 95 626
35 96 729
35 97 137
35 98 69
35 99 563
36 37 515
36 38 370
36 39 425
36 40 367
36 41 127
36 42 498
36 43 622
36 44 213
36 45 557
36 46 276
36 47 301
36 48 165
36 49 399
36 50 371
36 51 339
36 52 295
36 53 443
36 54 69
36 55 311
36 56 342
36 57 601
36 58 325
36 59 434
36 60 136
36 61 107
36 62 422
36 63 265
36 64 611
36 65 478
36 66 372
36 67 185
36 68 327
36 69 513
36 70 277
36 71 506
36 72 184
36 73 480
36 74 288
36 75 132
36 76 406
36 77 493
36 78 344
36 79 401
36 80 318
36 81 286
36 82 165
36 83 105
36 84 480
36 85 439
36 86 105
36 87 361
36 88 378
36 89 373
36 90 449
36 91 497
36 92 470
36 93 530
36 94 400
36 95 364
36 96 468
36 97 587
36 98 410
36 99 224
37 38 323
37 39 857
37 40 881
37 41 600
37 42 34
37 43 903
37 44 535
37 45 489
37 46 267
37 47 223
37 48 440
37 49 706
37 50 575
37 51 329
37 52 783
37 53 661
37 54 562
37 55 553
37 56 178
37 57 928
37 58 234
37 59 876
37 60 558
37 61 502
37 62 148
37 63 527
37 64 904
37 65 850
37 66 886
37 67 400
37 68 790
37 69 875
37 70 240
37 71 499
37 72 657
37 73 220
37 74 409
37 75 391
37 76 869
37 77 846
37 78 506
37 79 273
37 80 462
37 81 231
37 82 588
37 83 473
37 84 112
37 85 855
37 86 620
37 87 824
37 88 578
37 89 883
37 90 88
37 91 769
37 92 62
37 93 328
37 94 779
37 95 185
37 96 90
37 97 889
37 98 742
37 99 294
38 39 792
38 40 708
38 41 387
38 42 290
38 43 944
38 44 266
38 45 682
38 46 318
38 47 276
38 48 413
38 49 720
38 50 256
38 51 444
38 52 664
38 53 723
38 54 378
38 55 246
38 56 270
38 57 942
38 58 338
38 59 802
38 60 330
38 61 293
38 62 355
38 63 235
38 64 939
38 65 830
38 66 682
38 67 186
38 68 697
38 69 863
38 70 213
38 71 662
38 72 553
38 73 459
38 74 113
38 75 315
38 76 776
38 77 839
38 78 576
38 79 444
38 80 149
38 81 252
38 82 348
38 83 400
38 84 378
38 85 803
38 86 463
38 87 731
38 88 639
38 89 723
38 90 324
38 91 809
38 92 262
38 93 563
38 94 751
38 95 326
38 96 349
38 97 917
38 98 743
38 99 265
39 40 291
39 41 468
39 42 851
39 43 306
39 44 613
39 45 620
39 46 590
39 47 639
39 48 419
39 49 221
39 50 769
39 51 554
39 52 168
39 53 327
39 54 441
39 55 710
39 56 682
39 57 242
39 58 624
39 59 27
39 60 519
39 61 522
39 62 722
39 63 669
39 64 287
39 65 118
39 66 381
39 67 609
39 68 109
39 69 148
39 70 650
39 71 555
39 72 242
39 73 723
39 74 713
39 75 494
39 76 74
39 77 152
39 78 403
39 79 630
39 80 738
39 81 639
39 82 529
39 83 402
39 84 779
39 85 34
39 86 354
39 87 86
39 88 355
39 89 257
39 90 772
39 91 265
39 92 829
39 93 706
39 94 111
39 95 673
39 96 782
39 97 262
39 98 181
39 99 582
40 41 322
40 42 865
40 43 596
40 44 464
40 45 803
40 46 628
40 47 662
40 48 470
40 49 457
40 50 595
40 51 651
40 52 159
40 53 558
40 54 334
40 55 546
40 56 705
40 57 532
40 58 675
40 59 274
40 60 381
40 61 416
40 62 776
40 63 517
40 64 577
40 65 407
40 66 92
40 67 528
40 68 213
40 69 438
40 70 644
40 71 739
40 72 252
40 73 815
40 74 604
40 75 491
40 76 219
40 77 440
40 78 562
40 79 725
40 80 607
40 81 650
40 82 371
40 83 419
40 84 836
40 85 324
40 86 262
40 87 212
40 88 546
40 89 35
40 90 810
40 91 534
40 92 837
40 93 837
40 94 369
40 95 719
40 96 827
40 97 552
40 98 432
40 99 587
41 42 578
41 43 708
41 44 149
41 45 683
41 46 387
41 47 401
41 48 292
41 49 495
41 50 301
41 51 463
41 52 310
41 53 553
41 54 58
41 55 243
41 56 438
41 57 675
41 58 436
41 59 470
41 60 59
41 61 101
41 62 527
41 63 205
41 64 695
41 65 545
41 66 297
41 67 213
41 68 361
41 69 581
41 70 362
41 71 632
41 72 238
41 73 595
41 74 282
41 75 246
41 76 430
41 77 566
41 78 467
41 79 521
41 80 288
41 81 382
41 82 61
41 83 231
41 84 582
41 85 490
41 86 117
41 87 391
41 88 495
41 89 340
41 90 544
41 91 593
41 92 548
41 93 653
41 94 471
41 95 469
41 96 566
41 97 669
41 98 497
41 99 325
42 43 909
42 44 507
42 45 509
42 46 262
42 47 213
42 48 433
42 49 707
42 50 543
42 51 335
42 52 771
42 53 667
42 54 542
42 55 522
42 56 169
42 57 932
42 58 234
42 59 870
42 60 534
42 61 479
42 62 158
42 63 497
42 64 909
42 65 849
42 66 867
42 67 374
42 68 781
42 69 875
42 70 221
42 71 515
42 72 646
42 73 241
42 74 379
42 75 377
42 76 861
42 77 847
42 78 512
42 79 285
42 80 430
42 81 218
42 82 563
42 83 461
42 84 134
42 85 851
42 86 603
42 87 816
42 88 583
42 89 868
42 90 97
42 91 774
42 92 31
42 93 351
42 94 777
42 95 186
42 96 107
42 97 894
42 98 743
42 99 280
43 44 833
43 45 507
43 46 665
43 47 719
43 48 532
43 49 226
43 50 992
43 51 574
43 52 457
43 53 242
43 54 665
43 55 932
43 56 754
43 57 83
43 58 678
43 59 326
43 60 746
43 61 729
43 62 755
43 63 886
43 64 21
43 65 189
43 66 685
43 67 784
43 68 394
43 69 159
43 70 756
43 71 455
43 72 471
43 73 713
43 74 894
43 75 630
43 76 380
43 77 157
43 78 397
43 79 634
43 80 934
43 81 730
43 82 766
43 83 551
43 84 801
43 85 272
43 86 592
43 87 385
43 88 326
43 89 563
43 90 815
43 91 137
43 92 896
43 93 650
43 94 243
43 95 723
43 96 815
43 97 44
43 98 212
43 99 690
44 45 728
44 46 381
44 47 375
44 48 353
44 49 612
44 50 159
44 51 487
44 52 459
44 53 654
44 54 173
44 55 99
44 56 401
44 57 809
44 58 426
44 59 616
44 60 94
44 61 107
44 62 498
44 63 57
44 64 822
44 65 681
44 66 425
44 67 141
44 68 506
44 69 717
44 70 318
44 71 686
44 72 375
44 73 584
44 74 152
44 75 270
44 76 578
44 77 700
44 78 542
44 79 528
44 80 142
44 81 350
44 82 93
44 83 304
44 84 544
44 85 632
44 86 258
44 87 537
44 88 585
44 89 485
44 90 498
44 91 711
44 92 476
44 93 663
44 94 605
44 95 446
44 96 522
44 97 798
44 98 621
44 99 310
45 46 371
45 47 407
45 48 391
45 49 401
45 50 854
45 51 247
45 52 650
45 53 302
45 54 626
45 55 804
45 56 416
45 57 564
45 58 344
45 59 646
45 60 682
45 61 632
45 62 357
45 63 759
45 64 517
45 65 549
45 66 857
45 67 607
45 68 616
45 69 556
45 70 471
45 71 65
45 72 557
45 73 269
45 74 696
45 75 458
45 76 671
45 77 527
45 78 241
45 79 241
45 80 753
45 81 431
45 82 716
45 83 453
45 84 377
45 85 599
45 86 615
45 87 639
45 88 266
45 89 786
45 90 415
45 91 405
45 92 510
45 93 168
45 94 511
45 95 363
45 96 402
45 97 513
45 98 444
45 99 438
46 47 54
46 48 173
46 49 453
46 50 489
46 51 127
46 52 518
46 53 429
46 54 336
46 55 443
46 56 93
46 57 679
46 58 50
46 59 609
46 60 362
46 61 304
46 62 149
46 63 401
46 64 663
46 65 590
46 66 645
46 67 246
46 68 523
46 69 617
46 70 105
46 71 345
46 72 394
46 73 209
46 74 326
46 75 144
46 76 602
46 77 589
46 78 273
46 79 147
46 80 384
46 81 68
46 82 396
46 83 211
46 84 208
46 85 589
46 86 374
46 87 557
46 88 342
46 89 627
46 90 186
46 91 528
46 92 241
46 93 282
46 94 516
46 95 91
46 96 201
46 97 645
46 98 486
46 99 72
47 48 220
47 49 506
47 50 468
47 51 171
47 52 560
47 53 482
47 54 356
47 55 427
47 56 44
47 57 733
47 58 63
47 59 657
47 60 369
47 61 311
47 62 126
47 63 388
47 64 717
47 65 642
47 66 673
47 67 235
47 68 568
47 69 670
47 70 67
47 71 387
47 72 435
47 73 210
47 74 299
47 75 171
47 76 648
47 77 642
47 78 326
47 79 171
47 80 358
47 81 27
47 82 403
47 83 250
47 84 181
47 85 639
47 86 403
47 87 603
47 88 396
47 89 663
47 90 148
47 91 582
47 92 190
47 93 300
47 94 568
47 95 71
47 96 167
47 97 699
47 98 539
47 99 77
48 49 308
48 50 499
48 51 185
48 52 349
48 53 316
48 54 234
48 55 442
48 56 264
48 57 532
48 58 212
48 59 437
48 60 294
48 61 249
48 62 315
48 63 395
48 64 526
48 65 430
48 66 500
48 67 262
48 68 350
48 69 460
48 70 236
48 71 341
48 72 225
48 73 346
48 74 371
48 75 100
48 76 429
48 77 434
48 78 189
48 79 256
48 80 418
48 81 220
48 82 326
48 83 62
48 84 374
48 85 421
48 86 235
48 87 384
48 88 238
48 89 464
48 90 358
48 91 397
48 92 410
48 93 377
48 94 353
48 95 260
48 96 371
48 97 505
48 98 334
48 99 167
49 50 770
49 51 380
49 52 300
49 53 107
49 54 447
49 55 711
49 56 545
49 57 227
49 58 474
49 59 247
49 60 528
49 61 506
49 62 561
49 63 664
49 64 219
49 65 154
49 66 534
49 67 558
49 68 247
49 69 172
49 70 538
49 71 337
49 72 268
49 73 539
49 74 668
49 75 405
49 76 280
49 77 142
49 78 207
49 79 451
49 80 709
49 81 515
49 82 550
49 83 326
49 84 613
49 85 198
49 86 382
49 87 258
49 88 145
49 89 431
49 90 618
49 91 99
49 92 691
49 93 503
49 94 110
49 95 521
49 96 622
49 97 197
49 98 43
49 99 470
50 51 608
50 52 611
50 53 808
50 54 331
50 55 60
50 56 482
50 57 968
50 58 527
50 59 771
50 60 251
50 61 264
50 62 578
50 63 107
50 64 981
50 65 840
50 66 540
50 67 248
50 68 661
50 69 876
50 70 403
50 71 819
50 72 534
50 73 675
50 74 172
50 75 407
50 76 731
50 77 859
50 78 687
50 79 635
50 80 114
50 81 441
50 82 241
50 83 456
50 84 613
50 85 790
50 86 415
50 87 691
50 88 735
50 89 620
50 90 561
50 91 868
50 92 513
50 93 767
50 94 764
50 95 534
50 96 587
50 97 957
50 98 780
50 99 419
51 52 519
51 53 332
51 54 407
51 55 559
51 56 193
51 57 600
51 58 114
51 59 576
51 60 451
51 61 397
51 62 182
51 63 515
51 64 575
51 65 530
51 66 685
51 67 361
51 68 508
51 69 551
51 70 231
51 71 219
51 72 401
51 73 171
51 74 449
51 75 222
51 76 581
51 77 522
51 78 177
51 79 77
51 80 507
51 81 192
51 82 486
51 83 244
51 84 233
51 85 546
51 86 419
51 87 539
51 88 249
51 89 643
51 90 241
51 91 440
51 92 324
51 93 193
51 94 463
51 95 152
51 96 243
51 97 560
51 98 419
51 99 191
52 53 399
52 54 294
52 55 554
52 56 604
52 57 403
52 58 561
52 59 164
52 60 365
52 61 379
52 62 663
52 63 515
52 64 439
52 65 271
52 66 235
52 67 478
52 68 64
52 69 306
52 70 555
52 71 586
52 72 125
52 73 688
52 74 574
52 75 395
52 76 120
52 77 301
52 78 411
52 79 596
52 80 591
52 81 553
52 82 370
52 83 310
52 84 723
52 85 197
52 86 205
52 87 84
52 88 390
52 89 137
52 90 705
52 91 380
52 92 745
52 93 697
52 94 219
52 95 608
52 96 719
52 97 413
52 98 276
52 99 492
53 54 500
53 55 749
53 56 516
53 57 277
53 58 438
53 59 354
53 60 577
53 61 547
53 62 513
53 63 702
53 64 244
53 65 247
53 66 630
53 67 578
53 68 350
53 69 254
53 70 525
53 71 240
53 72 347
53 73 474
53 74 687
53 75 416
53 76 387
53 77 225
53 78 157
53 79 393
53 80 734
53 81 495
53 82 604
53 83 352
53 84 560
53 85 303
53 86 449
53 87 364
53 88 86
53 89 533
53 90 573
53 91 112
53 92 655
53 93 422
53 94 217
53 95 482
53 96 573
53 97 232
53 98 146
53 99 462
54 55 272
54 56 395
54 57 637
54 58 386
54 59 447
54 60 82
54 61 86
54 62 480
54 63 228
54 64 653
54 65 509
54 66 325
54 67 194
54 68 337
54 69 545
54 70 322
54 71 574
54 72 203
54 73 544
54 74 281
54 75 194
54 76 412
54 77 528
54 78 410
54 79 467
54 80 298
54 81 338
54 82 104
54 83 174
54 84 536
54 85 460
54 86 89
54 87 369
54 88 440
54 89 346
54 90 501
54 91 546
54 92 512
54 93 598
54 94 433
54 95 422
54 96 522
54 97 628
54 98 453
54 99 278
55 56 444
55 57 908
55 58 484
55 59 713
55 60 192
55 61 204
55 62 541
55 63 48
55 64 921
55 65 781
55 66 496
55 67 198
55 68 603
55 69 817
55 70 363
55 71 766
55 72 474
55 73 636
55 74 143
55 75 352
55 76 674
55 77 799
55 78 631
55 79 590
55 80 97
55 81 400
55 82 184
55 83 398
55 84 581
55 85 731
55 86 356
55 87 634
55 88 677
55 89 569
55 90 531
55 91 809
55 92 491
55 93 724
55 94 704
55 95 495
55 96 556
55 97 897
55 98 720
55 99 372
56 57 771
56 58 80
56 59 700
56 60 403
56 61 345
56 62 97
56 63 408
56 64 753
56 65 683
56 66 714
56 67 260
56 68 612
56 69 710
56 70 83
56 71 404
56 72 479
56 73 194
56 74 310
56 75 214
56 76 692
56 77 683
56 78 359
56 79 175
56 80 369
56 81 57
56 82 436
56 83 294
56 84 145
56 85 682
56 86 446
56 87 647
56 88 430
56 89 706
56 90 107
56 91 618
56 92 148
56 93 294
56 94 610
56 95 56
56 96 128
56 97 736
56 98 579
56 99 118
57 58 698
57 59 258
57 60 718
57 61 708
57 62 782
57 63 863
57 64 62
57 65 133
57 66 623
57 67 773
57 68 340
57 69 98
57 70 764
57 71 508
57 72 437
57 73 750
57 74 883
57 75 627
57 76 313
57 77 109
57 78 423
57 79 666
57 80 918
57 81 741
57 82 735
57 83 543
57 84 832
57 85 209
57 86 558
57 87 325
57 88 353
57 89 498
57 90 840
57 91 165
57 92 916
57 93 697
57 94 204
57 95 745
57 96 843
57 97 53
57 98 199
57 99 696
58 59 644
58 60 411
58 61 353
58 62 103
58 63 443
58 64 678
58 65 616
58 66 694
58 67 288
58 68 562
58 69 641
58 70 129
58 71 327
58 72 436
58 73 160
58 74 360
58 75 193
58 76 640
58 77 613
58 78 282
58 79 108
58 80 419
58 81 88
58 82 445
58 83 256
58 84 162
58 85 621
58 86 422
58 87 596
58 88 353
58 89 672
58 90 149
58 91 543
58 92 218
58 93 240
58 94 544
58 95 49
58 96 159
58 97 661
58 98 509
58 99 117
59 60 523
59 61 529
59 62 743
59 63 673
59 64 306
59 65 140
59 66 366
59 67 619
59 68 110
59 69 167
59 70 666
59 71 581
59 72 250
59 73 746
59 74 721
59 75 509
59 76 55
59 77 174
59 78 428
59 79 653
59 80 744
59 81 656
59 82 531
59 83 417
59 84 800
59 85 57
59 86 358
59 87 81
59 88 381
59 89 240
59 90 792
59 91 291
59 92 847
59 93 730
59 94 137
59 95 693
59 96 802
59 97 282
59 98 208
59 99 598
60 61 58
60 62 496
60 63 150
60 64 734
60 65 590
60 66 353
60 67 162
60 68 413
60 69 626
60 70 324
60 71 634
60 72 283
60 73 571
60 74 223
60 75 229
60 76 485
60 77 609
60 78 478
60 79 502
60 80 229
60 81 348
60 82 35
60 83 237
60 84 548
60 85 539
60 86 165
60 87 444
60 88 513
60 89 399
60 90 507
60 91 626
60 92 503
60 93 637
60 94 514
60 95 439
60 96 530
60 97 709
60 98 534
60 99 295
61 62 437
61 63 157
61 64 718
61 65 583
61 66 397
61 67 113
61 68 419
61 69 618
61 70 266
61 71 587
61 72 281
61 73 513
61 74 195
61 75 175
61 76 496
61 77 599
61 78 437
61 79 446
61 80 216
61 81 290
61 82 92
61 83 198
61 84 490
61 85 539
61 86 174
61 87 452
61 88 478
61 89 430
61 90 450
61 91 604
61 92 448
61 93 581
61 94 505
61 95 381
61 96 472
61 97 694
61 98 517
61 99 237
62 63 506
62 64 757
62 65 708
62 66 794
62 67 357
62 68 664
62 69 731
62 70 180
62 71 359
62 72 539
62 73 104
62 74 406
62 75 291
62 76 741
62 77 702
62 78 359
62 79 127
62 80 464
62 81 149
62 82 529
62 83 358
62 84 59
62 85 718
62 86 522
62 87 697
62 88 431
62 89 775
62 90 61
62 91 622
62 92 154
62 93 213
62 94 639
62 95 59
62 96 61
62 97 742
62 98 599
62 99 202
63 64 875
63 65 737
63 66 474
63 67 155
63 68 563
63 69 772
63 70 326
63 71 720
63 72 431
63 73 598
63 74 123
63 75 305
63 76 635
63 77 755
63 78 584
63 79 548
63 80 95
63 81 362
63 82 148
63 83 350
63 84 548
63 85 689
63 86 315
63 87 594
63 88 630
63 89 539
63 90 499
63 91 762
63 92 466
63 93 683
63 94 660
63 95 457
63 96 524
63 97 851
63 98 674
63 99 329
64 65 170
64 66 666
64 67 776
64 68 376
64 69 139
64 70 753
64 71 464
64 72 458
64 73 718
64 74 886
64 75 624
64 76 360
64 77 138
64 78 398
64 79 637
64 80 925
64 81 727
64 82 753
64 83 544
64 84 804
64 85 253
64 86 578
64 87 366
64 88 326
64 89 544
64 90 816
64 91 135
64 92 896
64 93 658
64 94 227
64 95 724
64 96 817
64 97 26
64 98 201
64 99 686
65 66 496
65 67 655
65 68 207
65 69 36
65 70 666
65 71 486
65 72 307
65 73 692
65 74 763
65 75 519
65 76 192
65 77 35
65 78 361
65 79 602
65 80 796
65 81 647
65 82 605
65 83 430
65 84 762
65 85 84
65 86 428
65 87 196
65 88 299
65 89 374
65 90 763
65 91 161
65 92 831
65 93 657
65 94 79
65 95 665
65 96 769
65 97 145
65 98 112
65 99 597
66 67 510
66 68 295
66 69 528
66 70 646
66 71 795
66 72 301
66 73 843
66 74 573
66 75 503
66 76 311
66 77 528
66 78 617
66 79 756
66 80 567
66 81 658
66 82 335
66 83 444
66 84 852
66 85 414
66 86 271
66 87 300
66 88 610
66 89 128
66 90 821
66 91 615
66 92 837
66 93 875
66 94 452
66 95 735
66 96 840
66 97 640
66 98 512
66 99 596
67 68 512
67 69 689
67 70 177
67 71 571
67 72 368
67 73 445
67 74 111
67 75 164
67 76 591
67 77 667
67 78 446
67 79 393
67 80 156
67 81 209
67 82 190
67 83 232
67 84 403
67 85 622
67 86 277
67 87 546
67 88 500
67 89 540
67 90 357
67 91 652
67 92 343
67 93 528
67 94 576
67 95 305
67 96 382
67 97 753
67 98 576
67 99 174
68 69 242
68 70 571
68 71 551
68 72 144
68 73 679
68 74 612
68 75 411
68 76 81
68 77 237
68 78 382
68 79 585
68 80 635
68 81 565
68 82 421
68 83 322
68 84 722
68 85 135
68 86 248
68 87 35
68 88 352
68 89 185
68 90 709
68 91 321
68 92 757
68 93 678
68 94 157
68 95 610
68 96 721
68 97 350
68 98 219
68 99 505
69 70 695
69 71 494
69 72 343
69 73 711
69 74 798
69 75 551
69 76 220
69 77 30
69 78 379
69 79 623
69 80 831
69 81 676
69 82 641
69 83 463
69 84 784
69 85 114
69 86 464
69 87 229
69 88 314
69 89 405
69 90 787
69 91 156
69 92 857
69 93 671
69 94 113
69 95 690
69 96 792
69 97 115
69 98 133
69 99 626
70 71 449
70 72 432
70 73 273
70 74 233
70 75 160
70 76 652
70 77 669
70 78 372
70 79 237
70 80 292
70 81 40
70 82 356
70 83 250
70 84 227
70 85 654
70 86 382
70 87 606
70 88 439
70 89 648
70 90 184
70 91 620
70 92 193
70 93 366
70 94 589
70 95 132
70 96 207
70 97 734
70 98 567
70 99 69
71 72 495
71 73 284
71 74 665
71 75 416
71 76 606
71 77 465
71 78 178
71 79 234
71 80 721
71 81 410
71 82 667
71 83 401
71 84 388
71 85 534
71 86 558
71 87 574
71 88 201
71 89 721
71 90 419
71 91 346
71 92 513
71 93 199
71 94 446
71 95 353
71 96 410
71 97 458
71 98 380
71 99 408
72 73 568
72 74 471
72 75 271
72 76 225
72 77 328
72 78 316
72 79 477
72 80 497
72 81 428
72 82 298
72 83 185
72 84 599
72 85 258
72 86 121
72 87 179
72 88 313
72 89 242
72 90 580
72 91 364
72 92 621
72 93 585
72 94 233
72 95 483
72 96 594
72 97 432
72 98 263
72 99 367
73 74 504
73 75 350
73 76 752
73 77 682
73 78 332
73 79 94
73 80 563
73 81 236
73 82 605
73 83 399
73 84 108
73 85 714
73 86 573
73 87 710
73 88 399
73 89 809
73 90 151
73 91 586
73 92 246
73 93 111
73 94 630
73 95 141
73 96 135
73 97 706
73 98 580
73 99 277
74 75 271
74 76 690
74 77 777
74 78 552
74 79 468
74 80 59
74 81 273
74 82 238
74 83 343
74 84 442
74 85 727
74 86 369
74 87 646
74 88 608
74 89 621
74 90 390
74 91 763
74 92 348
74 93 599
74 94 685
74 95 363
74 96 415
74 97 863
74 98 686
74 99 258
75 76 492
75 77 526
75 78 283
75 79 275
75 80 320
75 81 160
75 82 264
75 83 91
75 84 349
75 85 500
75 86 232
75 87 446
75 88 337
75 89 492
75 90 320
75 91 496
75 92 351
75 93 408
75 94 440
75 95 232
75 96 338
75 97 602
75 98 429
75 99 97
76 77 226
76 78 444
76 79 658
76 80 710
76 81 645
76 82 490
76 83 402
76 84 800
76 85 108
76 86 322
76 87 46
76 88 404
76 89 185
76 90 788
76 91 335
76 92 837
76 93 744
76 94 174
76 95 689
76 96 799
76 97 335
76 98 244
76 99 585
77 78 350
77 79 593
77 80 811
77 81 649
77 82 626
77 83 439
77 84 755
77 85 118
77 86 449
77 87 228
77 88 285
77 89 408
77 90 759
77 91 131
77 92 829
77 93 642
77 94 95
77 95 661
77 96 763
77 97 113
77 98 104
77 99 600
78 79 244
78 80 603
78 81 340
78 82 509
78 83 241
78 84 409
78 85 389
78 86 384
78 87 408
78 88 72
78 89 546
78 90 418
78 91 263
78 92 498
78 93 303
78 94 302
78 95 326
78 96 420
78 97 383
78 98 248
78 99 312
79 80 527
79 81 197
79 82 537
79 83 313
79 84 167
79 85 622
79 86 488
79 87 617
79 88 313
79 89 718
79 90 188
79 91 504
79 92 280
79 93 136
79 94 538
79 95 121
79 96 183
79 97 624
79 98 491
79 99 219
80 81 332
80 82 235
80 83 385
80 84 499
80 85 755
80 86 387
80 87 667
80 88 656
80 89 626
80 90 447
80 91 805
80 92 400
80 93 658
80 94 718
80 95 423
80 96 473
80 97 901
80 98 724
80 99 315
81 82 381
81 83 244
81 84 201
81 85 641
81 86 390
81 87 599
81 88 409
81 89 652
81 90 163
81 91 593
81 92 193
81 93 326
81 94 572
81 95 96
81 96 184
81 97 709
81 98 546
81 99 63
82 83 269
82 84 581
82 85 551
82 86 177
82 87 451
82 88 542
82 89 391
82 90 540
82 91 649
82 92 533
82 93 672
82 94 531
82 95 473
82 96 563
82 97 728
82 98 554
82 99 329
83 84 418
83 85 409
83 86 175
83 87 357
83 88 280
83 89 417
83 90 396
83 91 420
83 92 436
83 93 437
83 94 351
83 95 301
83 96 411
83 97 521
83 98 345
83 99 183
84 85 774
84 86 581
84 87 756
84 88 479
84 89 834
84 90 54
84 91 670
84 92 142
84 93 218
84 94 694
84 95 117
84 96 30
84 97 790
84 98 652
84 99 258
85 86 374
85 87 117
85 88 337
85 89 291
85 90 770
85 91 235
85 92 830
85 93 692
85 94 89
85 95 670
85 96 778
85 97 228
85 98 157
85 99 586
86 87 280
86 88 400
86 89 268
86 90 552
86 91 480
86 92 575
86 93 612
86 94 354
86 95 464
86 96 570
86 97 553
86 98 382
86 99 328
87 88 373
87 89 181
87 90 743
87 91 325
87 92 792
87 93 706
87 94 159
87 95 644
87 96 755
87 97 341
87 98 226
87 99 540
88 89 526
88 90 490
88 91 192
88 92 570
88 93 358
88 94 248
88 95 398
88 96 491
88 97 311
88 98 187
88 99 377
89 90 811
89 91 504
89 92 841
89 93 826
89 94 339
89 95 718
89 96 827
89 97 519
89 98 404
89 99 590
90 91 681
90 92 96
90 93 263
90 94 692
90 95 99
90 96 25
90 97 801
90 98 655
90 99 225
91 92 761
91 93 533
91 94 165
91 95 588
91 96 683
91 97 120
91 98 105
91 99 554
92 93 357
92 94 757
92 95 173
92 96 112
92 97 879
92 98 725
92 99 254
93 94 604
93 95 238
93 96 246
93 97 649
93 98 546
93 99 354
94 95 593
94 96 699
94 97 201
94 98 71
94 99 520
95 96 111
95 97 707
95 98 557
95 99 145
96 97 803
96 98 660
96 99 244
97 98 177
97 99 666
98 99 499
